10000000 0
10000001 0
10000010 0
10000011 0
10000100 0
10000101 0
10000110 0
10000111 0
10001000 1
10001001 1
10001010 1
10001011 1
10001100 1
10001101 1
10001110 1
10001111 1
10010000 0
10010001 0
10010010 0
10010011 0
10010100 0
10010101 0
10010110 0
10010111 0
10011000 1
10011001 1
10011010 1
10011011 1
10011100 1
10011101 1
10011110 1
10011111 1
10100000 1
10100001 1
10100010 1
10100011 1
10100100 1
10100101 1
10100110 1
10100111 1
10101000 1
10101001 1
10101010 1
10101011 1
10101100 1
10101101 1
10101110 1
10101111 1
10110000 1
10110001 1
10110010 1
10110011 1
10110100 1
10110101 1
10110110 1
10110111 1
10111000 1
10111001 1
10111010 1
10111011 1
10111100 1
10111101 1
10111110 1
10111111 1
11000000 0
11000001 0
11000010 0
11000011 0
11000100 0
11000101 0
11000110 0
11000111 0
11001000 0
11001001 0
11001010 1
11001011 1
11001100 0
11001101 0
11001110 1
11001111 1
11010000 0
11010001 0
11010010 0
11010011 0
11010100 0
11010101 0
11010110 0
11010111 0
11011000 0
11011001 0
11011010 1
11011011 1
11011100 0
11011101 0
11011110 1
11011111 1
11100000 0
11100001 0
11100010 1
11100011 1
11100100 0
11100101 0
11100110 1
11100111 1
11101000 0
11101001 0
11101010 1
11101011 1
11101100 0
11101101 0
11101110 1
11101111 1
11110000 0
11110001 0
11110010 1
11110011 1
11110100 0
11110101 0
11110110 1
11110111 1
11111000 0
11111001 0
11111010 1
11111011 1
11111100 0
11111101 0
11111110 1
11111111 1